100
1 1 1 1 1 1 1 1 1 1 
1 1 1 1 1 1 1 1 1 1 
1 1 1 1 1 1 1 1 1 1 
1 1 1 1 1 1 1 1 1 1 
1 1 1 1 1 1 1 1 1 1 
1 1 1 1 1 1 1 1 1 1 
1 1 1 1 1 1 1 1 1 1 
1 1 1 1 1 1 1 1 1 1 
1 1 1 1 1 1 1 1 1 1 
1 1 1 1 1 1 1 1 1 1
30

68
14 18 19 30 6 5 14 23 28 18 26 21 12 15 29 18 32 23 6 21 19 30 6 28 17 13 29 28 10 34 26 11 10 32 7 11 32 8 21 18 22 5 34 21 7 20 26 5 9 28 21 23 23 15 8 27 23 32 12 20 31 33 27 28 30 21 34 19
29



50
29 19 14 33 11 5 9 
23 23 33 12 9 25 25 
12 21 14 11 20 30 17
 19 5 6 6 5 5 11 
12 25 31 28 31 33 27
 7 33 31 17 13 21 24
 17 12 6 16 20 16 22 
5
28




52
19 33 28 13 25 29 11 24 11 8 18 7 6 10 31 26 
28 5 5 15 24 9 14 18 13 29 21 30 21 19 22 6 
17 16 6 29 32 12 18 30 7 31 24 30 28 20 22 22 20 14 24 31
25
